 1.00000000e-01 -5.22294667e+01  4.39073596e-05 
 1.25892541e-01 -5.22294667e+01  5.52760908e-05 
 1.58489319e-01 -5.22294667e+01  6.95884753e-05 
 1.99526231e-01 -5.22294667e+01  8.76066999e-05 
 2.51188643e-01 -5.22294667e+01  1.10290301e-04 
 3.16227766e-01 -5.22294667e+01  1.38847262e-04 
 3.98107171e-01 -5.22294667e+01  1.74798347e-04 
 5.01187234e-01 -5.22294667e+01  2.20058081e-04 
 6.30957344e-01 -5.22294667e+01  2.77036710e-04 
 7.94328235e-01 -5.22294667e+01  3.48768554e-04 
 1.00000000e+00 -5.22294667e+01  4.39073596e-04 
 1.25892541e+00 -5.22294667e+01  5.52760907e-04 
 1.58489319e+00 -5.22294667e+01  6.95884753e-04 
 1.99526231e+00 -5.22294667e+01  8.76066999e-04 
 2.51188643e+00 -5.22294667e+01  1.10290301e-03 
 3.16227766e+00 -5.22294667e+01  1.38847262e-03 
 3.98107171e+00 -5.22294666e+01  1.74798347e-03 
 5.01187234e+00 -5.22294666e+01  2.20058080e-03 
 6.30957344e+00 -5.22294665e+01  2.77036709e-03 
 7.94328235e+00 -5.22294665e+01  3.48768553e-03 
 1.00000000e+01 -5.22294663e+01  4.39073593e-03 
 1.25892541e+01 -5.22294661e+01  5.52760901e-03 
 1.58489319e+01 -5.22294658e+01  6.95884741e-03 
 1.99526231e+01 -5.22294652e+01  8.76066975e-03 
 2.51188643e+01 -5.22294644e+01  1.10290296e-02 
 3.16227766e+01 -5.22294630e+01  1.38847253e-02 
 3.98107171e+01 -5.22294608e+01  1.74798327e-02 
 5.01187234e+01 -5.22294574e+01  2.20058042e-02 
 6.30957344e+01 -5.22294520e+01  2.77036632e-02 
 7.94328235e+01 -5.22294434e+01  3.48768399e-02 
 1.00000000e+02 -5.22294298e+01  4.39073286e-02 
 1.25892541e+02 -5.22294082e+01  5.52760289e-02 
 1.58489319e+02 -5.22293740e+01  6.95883518e-02 
 1.99526231e+02 -5.22293198e+01  8.76064536e-02 
 2.51188643e+02 -5.22292338e+01  1.10289809e-01 
 3.16227766e+02 -5.22290977e+01  1.38846282e-01 
 3.98107171e+02 -5.22288818e+01  1.74796390e-01 
 5.01187234e+02 -5.22285397e+01  2.20054176e-01 
 6.30957344e+02 -5.22279976e+01  2.77028919e-01 
 7.94328235e+02 -5.22271383e+01  3.48753010e-01 
 1.00000000e+03 -5.22257766e+01  4.39042581e-01 
 1.25892541e+03 -5.22236185e+01  5.52699027e-01 
 1.58489319e+03 -5.22201986e+01  6.95761294e-01 
 1.99526231e+03 -5.22147792e+01  8.75820691e-01 
 2.51188643e+03 -5.22061924e+01  1.10241164e+00 
 3.16227766e+03 -5.21925891e+01  1.38749247e+00 
 3.98107171e+03 -5.21710437e+01  1.74602861e+00 
 5.01187234e+03 -5.21369331e+01  2.19668290e+00 
 6.30957344e+03 -5.20829626e+01  2.76259780e+00 
 7.94328235e+03 -5.19976535e+01  3.47220913e+00 
 1.00000000e+04 -5.18630187e+01  4.35993639e+00 
 1.25892541e+04 -5.16510588e+01  5.46640697e+00 
 1.58489319e+04 -5.13186504e+01  6.83751899e+00 
 1.99526231e+04 -5.08004925e+01  8.52103149e+00 
 2.51188643e+04 -5.00003589e+01  1.05584178e+01 
 3.16227766e+04 -4.87825945e+01  1.29685957e+01 
 3.98107171e+04 -4.69695335e+01  1.57198357e+01 
 5.01187234e+04 -4.43566739e+01  1.86894531e+01 
 6.30957344e+04 -4.07626772e+01  2.16226845e+01 
 7.94328235e+04 -3.61235795e+01  2.41241722e+01 
 1.00000000e+05 -3.06031266e+01  2.57306518e+01 
 1.25892541e+05 -2.46354554e+01  2.60784988e+01 
 1.58489319e+05 -1.88182541e+01  2.50818735e+01 
 1.99526231e+05 -1.36922410e+01  2.29799011e+01 
 2.51188643e+05 -9.56190593e+00  2.02099614e+01 
 3.16227766e+05 -6.46725366e+00  1.72176797e+01 
 3.98107171e+05 -4.27260610e+00  1.43323778e+01 
 5.01187234e+05 -2.77618835e+00  1.17398468e+01 
 6.30957344e+05 -1.78299710e+00  9.51257007e+00 
 7.94328235e+05 -1.13554592e+00  7.65307411e+00 
 1.00000000e+06 -7.18410873e-01  6.12867376e+00 
 1.25892541e+06 -4.51693820e-01  4.89337398e+00 
 1.58489319e+06 -2.81980949e-01  3.89967106e+00 
 1.99526231e+06 -1.74325795e-01  3.10402017e+00 
 2.51188643e+06 -1.06170182e-01  2.46881624e+00 
 3.16227766e+06 -6.30751262e-02  1.96264305e+00 
 3.98107171e+06 -3.58475118e-02  1.55976023e+00 
 5.01187234e+06 -1.86537572e-02  1.23932410e+00 
 6.30957344e+06 -7.79993693e-03  9.84577310e-01 
 7.94328235e+06 -9.50165512e-04  7.82107810e-01 
 1.00000000e+07  3.37132847e-03  6.21210686e-01 
 1.25892541e+07  6.09624562e-03  4.93356387e-01 
 1.58489319e+07  7.81232744e-03  3.91755706e-01 
 1.99526231e+07  8.88982661e-03  3.11007914e-01 
 2.51188643e+07  9.56127657e-03  2.46818038e-01 
 3.16227766e+07  9.97164246e-03  1.95770695e-01 
 3.98107171e+07  1.02096402e-02  1.55149667e-01 
 5.01187234e+07  1.03270076e-02  1.22794341e-01 
 6.30957344e+07  1.03499882e-02  9.69858595e-02 
 7.94328235e+07  1.02857608e-02  7.63574202e-02 
 1.00000000e+08  1.01257692e-02  5.98245319e-02 
 1.25892541e+08  9.84783330e-03  4.65321586e-02 
 1.58489319e+08  9.41956106e-03  3.58161365e-02 
 1.99526231e+08  8.80655490e-03  2.71752816e-02 
 2.51188643e+08  7.98851076e-03  2.02474289e-02 
 3.16227766e+08  6.98121322e-03  1.47789226e-02 
 3.98107171e+08  5.85184092e-03  1.05797737e-02 
 5.01187234e+08  4.70932984e-03  7.47258880e-03 
 6.30957344e+08  3.66694720e-03  5.26076169e-03 
 7.94328235e+08  2.80152627e-03  3.73336937e-03 
 1.00000000e+09  2.13741761e-03  2.69363585e-03 
 1.25892541e+09  1.65783849e-03  1.98327878e-03 
 1.58489319e+09  1.32643530e-03  1.48919395e-03 
 1.99526231e+09  1.10428116e-03  1.13672648e-03 
 2.51188643e+09  9.58347160e-04  8.78622301e-04 
 3.16227766e+09  8.63745233e-04  6.85260282e-04 
 3.98107171e+09  8.02952055e-04  5.37787907e-04 
 5.01187234e+09  7.64113802e-04  4.23828986e-04 
 6.30957344e+09  7.39401711e-04  3.34950495e-04 
 7.94328235e+09  7.23721779e-04  2.65193505e-04 
 1.00000000e+10  7.13791854e-04  2.10212357e-04 
 1.25892541e+10  7.07511457e-04  1.66756660e-04 
 1.58489319e+10  7.03542675e-04  1.32348367e-04 
 1.99526231e+10  7.01036070e-04  1.05072198e-04 
 2.51188643e+10  6.99453515e-04  8.34337802e-05 
 3.16227766e+10  6.98454593e-04  6.62597433e-05 
 3.98107171e+10  6.97824157e-04  5.26249317e-05 
 5.01187234e+10  6.97426315e-04  4.17979327e-05 
 6.30957344e+10  6.97175268e-04  3.31995053e-05 
 7.94328235e+10  6.97016858e-04  2.63704157e-05 
 1.00000000e+11  6.96916904e-04  2.09463204e-05 
