 1.00000000e-01 -4.73950259e-02  4.54587363e-10 
 1.25892541e-01 -4.73950259e-02  5.72291584e-10 
 1.58489319e-01 -4.73950259e-02  7.20472418e-10 
 1.99526231e-01 -4.73950259e-02  9.07021035e-10 
 2.51188643e-01 -4.73950259e-02  1.14187183e-09 
 3.16227766e-01 -4.73950259e-02  1.43753146e-09 
 3.98107171e-01 -4.73950259e-02  1.80974489e-09 
 5.01187234e-01 -4.73950259e-02  2.27833383e-09 
 6.30957344e-01 -4.73950259e-02  2.86825236e-09 
 7.94328235e-01 -4.73950259e-02  3.61091578e-09 
 1.00000000e+00 -4.73950259e-02  4.54587363e-09 
 1.25892541e+00 -4.73950259e-02  5.72291584e-09 
 1.58489319e+00 -4.73950259e-02  7.20472418e-09 
 1.99526231e+00 -4.73950259e-02  9.07021035e-09 
 2.51188643e+00 -4.73950259e-02  1.14187183e-08 
 3.16227766e+00 -4.73950259e-02  1.43753146e-08 
 3.98107171e+00 -4.73950259e-02  1.80974489e-08 
 5.01187234e+00 -4.73950259e-02  2.27833383e-08 
 6.30957344e+00 -4.73950259e-02  2.86825236e-08 
 7.94328235e+00 -4.73950259e-02  3.61091578e-08 
 1.00000000e+01 -4.73950259e-02  4.54587363e-08 
 1.25892541e+01 -4.73950259e-02  5.72291584e-08 
 1.58489319e+01 -4.73950259e-02  7.20472418e-08 
 1.99526231e+01 -4.73950259e-02  9.07021035e-08 
 2.51188643e+01 -4.73950259e-02  1.14187183e-07 
 3.16227766e+01 -4.73950259e-02  1.43753146e-07 
 3.98107171e+01 -4.73950259e-02  1.80974489e-07 
 5.01187234e+01 -4.73950259e-02  2.27833383e-07 
 6.30957344e+01 -4.73950259e-02  2.86825236e-07 
 7.94328235e+01 -4.73950259e-02  3.61091578e-07 
 1.00000000e+02 -4.73950259e-02  4.54587363e-07 
 1.25892541e+02 -4.73950259e-02  5.72291583e-07 
 1.58489319e+02 -4.73950259e-02  7.20472417e-07 
 1.99526231e+02 -4.73950259e-02  9.07021035e-07 
 2.51188643e+02 -4.73950259e-02  1.14187183e-06 
 3.16227766e+02 -4.73950259e-02  1.43753146e-06 
 3.98107171e+02 -4.73950259e-02  1.80974489e-06 
 5.01187234e+02 -4.73950258e-02  2.27833383e-06 
 6.30957344e+02 -4.73950258e-02  2.86825235e-06 
 7.94328235e+02 -4.73950257e-02  3.61091576e-06 
 1.00000000e+03 -4.73950255e-02  4.54587359e-06 
 1.25892541e+03 -4.73950252e-02  5.72291575e-06 
 1.58489319e+03 -4.73950248e-02  7.20472401e-06 
 1.99526231e+03 -4.73950242e-02  9.07021002e-06 
 2.51188643e+03 -4.73950232e-02  1.14187176e-05 
 3.16227766e+03 -4.73950216e-02  1.43753133e-05 
 3.98107171e+03 -4.73950190e-02  1.80974463e-05 
 5.01187234e+03 -4.73950150e-02  2.27833330e-05 
 6.30957344e+03 -4.73950086e-02  2.86825131e-05 
 7.94328235e+03 -4.73949984e-02  3.61091368e-05 
 1.00000000e+04 -4.73949823e-02  4.54586945e-05 
 1.25892541e+04 -4.73949568e-02  5.72290749e-05 
 1.58489319e+04 -4.73949164e-02  7.20470753e-05 
 1.99526231e+04 -4.73948524e-02  9.07017714e-05 
 2.51188643e+04 -4.73947508e-02  1.14186520e-04 
 3.16227766e+04 -4.73945900e-02  1.43751824e-04 
 3.98107171e+04 -4.73943350e-02  1.80971851e-04 
 5.01187234e+04 -4.73939308e-02  2.27828119e-04 
 6.30957344e+04 -4.73932903e-02  2.86814733e-04 
 7.94328235e+04 -4.73922752e-02  3.61070623e-04 
 1.00000000e+05 -4.73906665e-02  4.54545554e-04 
 1.25892541e+05 -4.73881171e-02  5.72208167e-04 
 1.58489319e+05 -4.73840771e-02  7.20305994e-04 
 1.99526231e+05 -4.73776756e-02  9.06689021e-04 
 2.51188643e+05 -4.73675334e-02  1.14120952e-03 
 3.16227766e+05 -4.73514680e-02  1.43621042e-03 
 3.98107171e+05 -4.73260284e-02  1.80711048e-03 
 5.01187234e+05 -4.72857652e-02  2.27308197e-03 
 6.30957344e+05 -4.72220924e-02  2.85778762e-03 
 7.94328235e+05 -4.71215285e-02  3.59008035e-03 
 1.00000000e+06 -4.69630196e-02  4.50444132e-03 
 1.25892541e+06 -4.67139727e-02  5.64068585e-03 
 1.58489319e+06 -4.63246250e-02  7.04202116e-03 
 1.99526231e+06 -4.57206706e-02  8.74980721e-03 
 2.51188643e+06 -4.47950699e-02  1.07923711e-02 
 3.16227766e+06 -4.34024664e-02  1.31644362e-02 
 3.98107171e+06 -4.13643607e-02  1.57948709e-02 
 5.01187234e+06 -3.84990776e-02  1.85073019e-02 
 6.30957344e+06 -3.46905254e-02  2.09946411e-02 
 7.94328235e+06 -2.99885773e-02  2.28486757e-02 
 1.00000000e+07 -2.46854944e-02  2.36787644e-02 
 1.25892541e+07 -1.92812123e-02  2.32846986e-02 
 1.58489319e+07 -1.43140528e-02  2.17635199e-02 
 1.99526231e+07 -1.01635728e-02  1.94563265e-02 
 2.51188643e+07 -6.96285712e-03  1.67833208e-02 
 3.16227766e+07 -4.64394547e-03  1.40960669e-02 
 3.98107171e+07 -3.03881015e-03  1.16173037e-02 
 5.01187234e+07 -1.96251523e-03  9.45186678e-03 
 6.30957344e+07 -1.25612604e-03  7.62461792e-03 
 7.94328235e+07 -7.99010401e-04  6.11645277e-03 
 1.00000000e+08 -5.05900165e-04  4.88903303e-03 
 1.25892541e+08 -3.19055162e-04  3.89897191e-03 
 1.58489319e+08 -2.00395819e-04  3.10486975e-03 
 1.99526231e+08 -1.25218560e-04  2.47021410e-03 
 2.51188643e+08 -7.76615610e-05  1.96413463e-03 
 3.16227766e+08 -4.76058554e-05  1.56115828e-03 
 3.98107171e+08 -2.86223335e-05  1.24056889e-03 
 5.01187234e+08 -1.66367070e-05  9.85667737e-04 
 6.30957344e+08 -9.07116724e-06  7.83068094e-04 
 7.94328235e+08 -4.29639227e-06  6.22074963e-04 
 1.00000000e+09 -1.28321978e-06  4.94162105e-04 
 1.25892541e+09  6.18157549e-07  3.92541376e-04 
 1.58489319e+09  1.81791906e-06  3.11812975e-04 
 1.99526231e+09  2.57494075e-06  2.47683771e-04 
 2.51188643e+09  3.05258907e-06  1.96741634e-04 
 3.16227766e+09  3.35394990e-06  1.56275203e-04 
 3.98107171e+09  3.54406627e-06  1.24130245e-04 
 5.01187234e+09  3.66397257e-06  9.85952981e-05 
 6.30957344e+09  3.73954973e-06  7.83107230e-05 
 7.94328235e+09  3.78711081e-06  6.21963880e-05 
 1.00000000e+10  3.81692194e-06  4.93941966e-05 
 1.25892541e+10  3.83541822e-06  3.92224157e-05 
 1.58489319e+10  3.84659314e-06  3.11393861e-05 
 1.99526231e+10  3.85286152e-06  2.47146889e-05 
 2.51188643e+10  3.85558309e-06  1.96062403e-05 
 3.16227766e+10  3.85536206e-06  1.55421004e-05 
 3.98107171e+10  3.85219210e-06  1.23060392e-05 
 5.01187234e+10  3.84549030e-06  9.72611149e-06 
 6.30957344e+10  3.83405474e-06  7.66566194e-06 
 7.94328235e+10  3.81599488e-06  6.01632515e-06 
 1.00000000e+11  3.78873205e-06  4.69268552e-06 
