 0.00000000e+00  2.63091102e+00 
 1.00000000e-12  2.63091102e+00 
 2.00000000e-12  2.63091102e+00 
 4.00000000e-12  2.63091102e+00 
 8.00000000e-12  2.63091102e+00 
 1.60000000e-11  2.63091102e+00 
 3.20000000e-11  2.63091102e+00 
 6.40000000e-11  2.63091102e+00 
 1.28000000e-10  2.63091102e+00 
 2.28000000e-10  2.63091102e+00 
 3.28000000e-10  2.63091102e+00 
 4.28000000e-10  2.63091102e+00 
 5.28000000e-10  2.63091102e+00 
 6.28000000e-10  2.63091102e+00 
 7.28000000e-10  2.63091102e+00 
 8.28000000e-10  2.63091102e+00 
 9.28000000e-10  2.63091102e+00 
 1.02800000e-09  2.63091102e+00 
 1.12800000e-09  2.63091102e+00 
 1.22800000e-09  2.63091102e+00 
 1.32800000e-09  2.63091102e+00 
 1.42800000e-09  2.63091102e+00 
 1.52800000e-09  2.63091102e+00 
 1.62800000e-09  2.63091102e+00 
 1.72800000e-09  2.63091102e+00 
 1.82800000e-09  2.63091102e+00 
 1.92800000e-09  2.63091102e+00 
 2.02800000e-09  2.63086608e+00 
 2.12800000e-09  2.63077308e+00 
 2.22800000e-09  2.63068064e+00 
 2.32800000e-09  2.63058878e+00 
 2.42800000e-09  2.63049748e+00 
 2.52800000e-09  2.63040674e+00 
 2.62800000e-09  2.63031657e+00 
 2.72800000e-09  2.63022695e+00 
 2.82800000e-09  2.63013788e+00 
 2.92800000e-09  2.63004937e+00 
 3.02800000e-09  2.62996140e+00 
 3.12800000e-09  2.62987397e+00 
 3.22800000e-09  2.62978709e+00 
 3.32800000e-09  2.62970074e+00 
 3.42800000e-09  2.62961492e+00 
 3.52800000e-09  2.62952963e+00 
 3.62800000e-09  2.62944487e+00 
 3.72800000e-09  2.62936063e+00 
 3.82800000e-09  2.62927691e+00 
 3.92800000e-09  2.62919371e+00 
 4.02800000e-09  2.62911102e+00 
 4.12800000e-09  2.62902884e+00 
 4.22800000e-09  2.62894717e+00 
 4.32800000e-09  2.62886600e+00 
 4.42800000e-09  2.62878533e+00 
 4.52800000e-09  2.62870517e+00 
 4.62800000e-09  2.62862549e+00 
 4.72800000e-09  2.62854631e+00 
 4.82800000e-09  2.62846761e+00 
 4.92800000e-09  2.62838941e+00 
 5.02800000e-09  2.62831168e+00 
 5.12800000e-09  2.62823443e+00 
 5.22800000e-09  2.62815766e+00 
 5.32800000e-09  2.62808137e+00 
 5.42800000e-09  2.62800554e+00 
 5.52800000e-09  2.62793019e+00 
 5.62800000e-09  2.62785529e+00 
 5.72800000e-09  2.62778086e+00 
 5.82800000e-09  2.62770689e+00 
 5.92800000e-09  2.62763338e+00 
 6.02800000e-09  2.62756032e+00 
 6.12800000e-09  2.62748771e+00 
 6.22800000e-09  2.62741555e+00 
 6.32800000e-09  2.62734383e+00 
 6.42800000e-09  2.62727256e+00 
 6.52800000e-09  2.62720172e+00 
 6.62800000e-09  2.62713133e+00 
 6.72800000e-09  2.62706137e+00 
 6.82800000e-09  2.62699183e+00 
 6.92800000e-09  2.62692273e+00 
 7.02800000e-09  2.62685406e+00 
 7.12800000e-09  2.62678581e+00 
 7.22800000e-09  2.62671798e+00 
 7.32800000e-09  2.62665057e+00 
 7.42800000e-09  2.62658357e+00 
 7.52800000e-09  2.62651699e+00 
 7.62800000e-09  2.62645081e+00 
 7.72800000e-09  2.62638505e+00 
 7.82800000e-09  2.62631969e+00 
 7.92800000e-09  2.62625474e+00 
 8.02800000e-09  2.62619019e+00 
 8.12800000e-09  2.62612603e+00 
 8.22800000e-09  2.62606227e+00 
 8.32800000e-09  2.62599891e+00 
 8.42800000e-09  2.62593593e+00 
 8.52800000e-09  2.62587335e+00 
 8.62800000e-09  2.62581115e+00 
 8.72800000e-09  2.62574933e+00 
 8.82800000e-09  2.62568790e+00 
 8.92800000e-09  2.62562685e+00 
 9.02800000e-09  2.62556617e+00 
 9.12800000e-09  2.62550586e+00 
 9.22800000e-09  2.62544593e+00 
 9.32800000e-09  2.62538637e+00 
 9.42800000e-09  2.62532717e+00 
 9.52800000e-09  2.62526835e+00 
 9.62800000e-09  2.62520988e+00 
 9.72800000e-09  2.62515177e+00 
 9.82800000e-09  2.62509403e+00 
 9.92800000e-09  2.62503664e+00 
 1.00000000e-08  2.62499553e+00 
 1.00100000e-08  2.62498984e+00 
 1.00300000e-08  2.62497847e+00 
 1.00700000e-08  2.62495575e+00 
 1.01500000e-08  2.62491049e+00 
 1.02500000e-08  2.62485424e+00 
 1.03500000e-08  2.62479833e+00 
 1.04500000e-08  2.62474276e+00 
 1.05500000e-08  2.62468754e+00 
 1.06500000e-08  2.62463266e+00 
 1.07500000e-08  2.62457811e+00 
 1.08500000e-08  2.62452391e+00 
 1.09500000e-08  2.62447003e+00 
 1.10500000e-08  2.62441649e+00 
 1.11500000e-08  2.62436328e+00 
 1.12500000e-08  2.62431040e+00 
 1.13500000e-08  2.62425785e+00 
 1.14500000e-08  2.62420562e+00 
 1.15500000e-08  2.62415371e+00 
 1.16500000e-08  2.62410212e+00 
 1.17500000e-08  2.62405085e+00 
 1.18500000e-08  2.62399990e+00 
 1.19500000e-08  2.62394926e+00 
 1.20500000e-08  2.62389893e+00 
 1.21500000e-08  2.62384892e+00 
 1.22500000e-08  2.62379921e+00 
 1.23500000e-08  2.62374981e+00 
 1.24500000e-08  2.62370072e+00 
 1.25500000e-08  2.62365192e+00 
 1.26500000e-08  2.62360343e+00 
 1.27500000e-08  2.62355524e+00 
 1.28500000e-08  2.62350735e+00 
 1.29500000e-08  2.62345975e+00 
 1.30500000e-08  2.62341244e+00 
 1.31500000e-08  2.62336543e+00 
 1.32500000e-08  2.62331870e+00 
 1.33500000e-08  2.62327227e+00 
 1.34500000e-08  2.62322612e+00 
 1.35500000e-08  2.62318026e+00 
 1.36500000e-08  2.62313468e+00 
 1.37500000e-08  2.62308938e+00 
 1.38500000e-08  2.62304436e+00 
 1.39500000e-08  2.62299962e+00 
 1.40500000e-08  2.62295515e+00 
 1.41500000e-08  2.62291096e+00 
 1.42500000e-08  2.62286704e+00 
 1.43500000e-08  2.62282339e+00 
 1.44500000e-08  2.62278001e+00 
 1.45500000e-08  2.62273690e+00 
 1.46500000e-08  2.62269406e+00 
 1.47500000e-08  2.62265148e+00 
 1.48500000e-08  2.62260916e+00 
 1.49500000e-08  2.62256710e+00 
 1.50500000e-08  2.62252531e+00 
 1.51500000e-08  2.62248377e+00 
 1.52500000e-08  2.62244249e+00 
 1.53500000e-08  2.62240146e+00 
 1.54500000e-08  2.62236068e+00 
 1.55500000e-08  2.62232016e+00 
 1.56500000e-08  2.62227989e+00 
 1.57500000e-08  2.62223986e+00 
 1.58500000e-08  2.62220009e+00 
 1.59500000e-08  2.62216055e+00 
 1.60500000e-08  2.62212127e+00 
 1.61500000e-08  2.62208222e+00 
 1.62500000e-08  2.62204342e+00 
 1.63500000e-08  2.62200485e+00 
 1.64500000e-08  2.62196652e+00 
 1.65500000e-08  2.62192843e+00 
 1.66500000e-08  2.62189058e+00 
 1.67500000e-08  2.62185296e+00 
 1.68500000e-08  2.62181557e+00 
 1.69500000e-08  2.62177841e+00 
 1.70500000e-08  2.62174148e+00 
 1.71500000e-08  2.62170478e+00 
 1.72500000e-08  2.62166830e+00 
 1.73500000e-08  2.62163205e+00 
 1.74500000e-08  2.62159602e+00 
 1.75500000e-08  2.62156022e+00 
 1.76500000e-08  2.62152464e+00 
 1.77500000e-08  2.62148927e+00 
 1.78500000e-08  2.62145413e+00 
 1.79500000e-08  2.62141920e+00 
 1.80500000e-08  2.62138449e+00 
 1.81500000e-08  2.62134999e+00 
 1.82500000e-08  2.62131570e+00 
 1.83500000e-08  2.62128163e+00 
 1.84500000e-08  2.62124776e+00 
 1.85500000e-08  2.62121411e+00 
 1.86500000e-08  2.62118066e+00 
 1.87500000e-08  2.62114742e+00 
 1.88500000e-08  2.62111439e+00 
 1.89500000e-08  2.62108155e+00 
 1.90500000e-08  2.62104892e+00 
 1.91500000e-08  2.62101650e+00 
 1.92500000e-08  2.62098427e+00 
 1.93500000e-08  2.62095224e+00 
 1.94500000e-08  2.62092041e+00 
 1.95500000e-08  2.62088877e+00 
 1.96500000e-08  2.62085733e+00 
 1.97500000e-08  2.62082609e+00 
 1.98500000e-08  2.62079504e+00 
 1.99500000e-08  2.62076417e+00 
 2.00500000e-08  2.62073350e+00 
 2.01500000e-08  2.62070302e+00 
 2.02500000e-08  2.62067273e+00 
 2.03500000e-08  2.62064262e+00 
 2.04500000e-08  2.62061270e+00 
 2.05500000e-08  2.62058297e+00 
 2.06500000e-08  2.62055341e+00 
 2.07500000e-08  2.62052404e+00 
 2.08500000e-08  2.62049486e+00 
 2.09500000e-08  2.62046585e+00 
 2.10500000e-08  2.62043702e+00 
 2.11500000e-08  2.62040837e+00 
 2.12500000e-08  2.62037989e+00 
 2.13500000e-08  2.62035159e+00 
 2.14500000e-08  2.62032347e+00 
 2.15500000e-08  2.62029552e+00 
 2.16500000e-08  2.62026774e+00 
 2.17500000e-08  2.62024013e+00 
 2.18500000e-08  2.62021270e+00 
 2.19500000e-08  2.62018543e+00 
 2.20500000e-08  2.62015833e+00 
 2.21500000e-08  2.62013140e+00 
 2.22500000e-08  2.62010463e+00 
 2.23500000e-08  2.62007803e+00 
 2.24500000e-08  2.62005159e+00 
 2.25500000e-08  2.62002532e+00 
 2.26500000e-08  2.61999921e+00 
 2.27500000e-08  2.61997326e+00 
 2.28500000e-08  2.61994747e+00 
 2.29500000e-08  2.61992184e+00 
 2.30500000e-08  2.61989637e+00 
 2.31500000e-08  2.61987105e+00 
 2.32500000e-08  2.61984589e+00 
 2.33500000e-08  2.61982089e+00 
 2.34500000e-08  2.61979604e+00 
 2.35500000e-08  2.61977135e+00 
 2.36500000e-08  2.61974680e+00 
 2.37500000e-08  2.61972241e+00 
 2.38500000e-08  2.61969817e+00 
 2.39500000e-08  2.61967408e+00 
 2.40500000e-08  2.61965013e+00 
 2.41500000e-08  2.61962634e+00 
 2.42500000e-08  2.61960269e+00 
 2.43500000e-08  2.61957919e+00 
 2.44500000e-08  2.61955583e+00 
 2.45500000e-08  2.61953262e+00 
 2.46500000e-08  2.61950954e+00 
 2.47500000e-08  2.61948662e+00 
 2.48500000e-08  2.61946383e+00 
 2.49500000e-08  2.61944118e+00 
 2.50500000e-08  2.61941868e+00 
 2.51500000e-08  2.61939631e+00 
 2.52500000e-08  2.61937408e+00 
 2.53500000e-08  2.61935199e+00 
 2.54500000e-08  2.61933004e+00 
 2.55500000e-08  2.61930822e+00 
 2.56500000e-08  2.61928653e+00 
 2.57500000e-08  2.61926498e+00 
 2.58500000e-08  2.61924356e+00 
 2.59500000e-08  2.61922227e+00 
 2.60500000e-08  2.61920112e+00 
 2.61500000e-08  2.61918009e+00 
 2.62500000e-08  2.61915920e+00 
 2.63500000e-08  2.61913843e+00 
 2.64500000e-08  2.61911780e+00 
 2.65500000e-08  2.61909729e+00 
 2.66500000e-08  2.61907690e+00 
 2.67500000e-08  2.61905664e+00 
 2.68500000e-08  2.61903651e+00 
 2.69500000e-08  2.61901650e+00 
 2.70500000e-08  2.61899662e+00 
 2.71500000e-08  2.61897685e+00 
 2.72500000e-08  2.61895721e+00 
 2.73500000e-08  2.61893770e+00 
 2.74500000e-08  2.61891830e+00 
 2.75500000e-08  2.61889902e+00 
 2.76500000e-08  2.61887986e+00 
 2.77500000e-08  2.61886082e+00 
 2.78500000e-08  2.61884189e+00 
 2.79500000e-08  2.61882308e+00 
 2.80500000e-08  2.61880439e+00 
 2.81500000e-08  2.61878582e+00 
 2.82500000e-08  2.61876735e+00 
 2.83500000e-08  2.61874901e+00 
 2.84500000e-08  2.61873077e+00 
 2.85500000e-08  2.61871265e+00 
 2.86500000e-08  2.61869464e+00 
 2.87500000e-08  2.61867674e+00 
 2.88500000e-08  2.61865895e+00 
 2.89500000e-08  2.61864128e+00 
 2.90500000e-08  2.61862371e+00 
 2.91500000e-08  2.61860625e+00 
 2.92500000e-08  2.61858889e+00 
 2.93500000e-08  2.61857165e+00 
 2.94500000e-08  2.61855451e+00 
 2.95500000e-08  2.61853747e+00 
 2.96500000e-08  2.61852054e+00 
 2.97500000e-08  2.61850372e+00 
 2.98500000e-08  2.61848700e+00 
 2.99500000e-08  2.61847038e+00 
 3.00500000e-08  2.61845387e+00 
 3.01500000e-08  2.61843745e+00 
 3.02500000e-08  2.61842114e+00 
 3.03500000e-08  2.61840493e+00 
 3.04500000e-08  2.61838882e+00 
 3.05500000e-08  2.61837281e+00 
 3.06500000e-08  2.61835690e+00 
 3.07500000e-08  2.61834108e+00 
 3.08500000e-08  2.61832537e+00 
 3.09500000e-08  2.61830975e+00 
 3.10500000e-08  2.61829422e+00 
 3.11500000e-08  2.61827879e+00 
 3.12500000e-08  2.61826346e+00 
 3.13500000e-08  2.61824822e+00 
 3.14500000e-08  2.61823308e+00 
 3.15500000e-08  2.61821803e+00 
 3.16500000e-08  2.61820307e+00 
 3.17500000e-08  2.61818821e+00 
 3.18500000e-08  2.61817343e+00 
 3.19500000e-08  2.61815875e+00 
 3.20500000e-08  2.61814416e+00 
 3.21500000e-08  2.61812966e+00 
 3.22500000e-08  2.61811525e+00 
 3.23500000e-08  2.61810092e+00 
 3.24500000e-08  2.61808669e+00 
 3.25500000e-08  2.61807254e+00 
 3.26500000e-08  2.61805848e+00 
 3.27500000e-08  2.61804451e+00 
 3.28500000e-08  2.61803062e+00 
 3.29500000e-08  2.61801682e+00 
 3.30500000e-08  2.61800311e+00 
 3.31500000e-08  2.61798948e+00 
 3.32500000e-08  2.61797593e+00 
 3.33500000e-08  2.61796247e+00 
 3.34500000e-08  2.61794909e+00 
 3.35500000e-08  2.61793579e+00 
 3.36500000e-08  2.61792257e+00 
 3.37500000e-08  2.61790944e+00 
 3.38500000e-08  2.61789639e+00 
 3.39500000e-08  2.61788341e+00 
 3.40500000e-08  2.61787052e+00 
 3.41500000e-08  2.61785771e+00 
 3.42500000e-08  2.61784498e+00 
 3.43500000e-08  2.61783232e+00 
 3.44500000e-08  2.61781974e+00 
 3.45500000e-08  2.61780724e+00 
 3.46500000e-08  2.61779482e+00 
 3.47500000e-08  2.61778248e+00 
 3.48500000e-08  2.61777021e+00 
 3.49500000e-08  2.61775801e+00 
 3.50500000e-08  2.61774590e+00 
 3.51500000e-08  2.61773385e+00 
 3.52500000e-08  2.61772188e+00 
 3.53500000e-08  2.61770999e+00 
 3.54500000e-08  2.61769817e+00 
 3.55500000e-08  2.61768642e+00 
 3.56500000e-08  2.61767474e+00 
 3.57500000e-08  2.61766314e+00 
 3.58500000e-08  2.61765160e+00 
 3.59500000e-08  2.61764014e+00 
 3.60500000e-08  2.61762875e+00 
 3.61500000e-08  2.61761743e+00 
 3.62500000e-08  2.61760618e+00 
 3.63500000e-08  2.61759500e+00 
 3.64500000e-08  2.61758389e+00 
 3.65500000e-08  2.61757284e+00 
 3.66500000e-08  2.61756187e+00 
 3.67500000e-08  2.61755096e+00 
 3.68500000e-08  2.61754012e+00 
 3.69500000e-08  2.61752934e+00 
 3.70500000e-08  2.61751864e+00 
 3.71500000e-08  2.61750800e+00 
 3.72500000e-08  2.61749742e+00 
 3.73500000e-08  2.61748691e+00 
 3.74500000e-08  2.61747647e+00 
 3.75500000e-08  2.61746608e+00 
 3.76500000e-08  2.61745577e+00 
 3.77500000e-08  2.61744551e+00 
 3.78500000e-08  2.61743532e+00 
 3.79500000e-08  2.61742520e+00 
 3.80500000e-08  2.61741513e+00 
 3.81500000e-08  2.61740513e+00 
 3.82500000e-08  2.61739519e+00 
 3.83500000e-08  2.61738531e+00 
 3.84500000e-08  2.61737549e+00 
 3.85500000e-08  2.61736574e+00 
 3.86500000e-08  2.61735604e+00 
 3.87500000e-08  2.61734640e+00 
 3.88500000e-08  2.61733682e+00 
 3.89500000e-08  2.61732730e+00 
 3.90500000e-08  2.61731784e+00 
 3.91500000e-08  2.61730844e+00 
 3.92500000e-08  2.61729910e+00 
 3.93500000e-08  2.61728981e+00 
 3.94500000e-08  2.61728058e+00 
 3.95500000e-08  2.61727141e+00 
 3.96500000e-08  2.61726230e+00 
 3.97500000e-08  2.61725324e+00 
 3.98500000e-08  2.61724423e+00 
 3.99500000e-08  2.61723529e+00 
 4.00500000e-08  2.61722639e+00 
 4.01500000e-08  2.61721756e+00 
 4.02500000e-08  2.61720877e+00 
 4.03500000e-08  2.61720005e+00 
 4.04500000e-08  2.61719137e+00 
 4.05500000e-08  2.61718275e+00 
 4.06500000e-08  2.61717418e+00 
 4.07500000e-08  2.61716567e+00 
 4.08500000e-08  2.61715720e+00 
 4.09500000e-08  2.61714879e+00 
 4.10500000e-08  2.61714043e+00 
 4.11500000e-08  2.61713213e+00 
 4.12500000e-08  2.61712387e+00 
 4.13500000e-08  2.61711567e+00 
 4.14500000e-08  2.61710751e+00 
 4.15500000e-08  2.61709941e+00 
 4.16500000e-08  2.61709136e+00 
 4.17500000e-08  2.61708335e+00 
 4.18500000e-08  2.61707540e+00 
 4.19500000e-08  2.61706749e+00 
 4.20500000e-08  2.61705963e+00 
 4.21500000e-08  2.61705183e+00 
 4.22500000e-08  2.61704407e+00 
 4.23500000e-08  2.61703635e+00 
 4.24500000e-08  2.61702869e+00 
 4.25500000e-08  2.61702107e+00 
 4.26500000e-08  2.61701350e+00 
 4.27500000e-08  2.61700598e+00 
 4.28500000e-08  2.61699850e+00 
 4.29500000e-08  2.61699107e+00 
 4.30500000e-08  2.61698368e+00 
 4.31500000e-08  2.61697635e+00 
 4.32500000e-08  2.61696905e+00 
 4.33500000e-08  2.61696180e+00 
 4.34500000e-08  2.61695460e+00 
 4.35500000e-08  2.61694744e+00 
 4.36500000e-08  2.61694032e+00 
 4.37500000e-08  2.61693325e+00 
 4.38500000e-08  2.61692622e+00 
 4.39500000e-08  2.61691924e+00 
 4.40500000e-08  2.61691229e+00 
 4.41500000e-08  2.61690540e+00 
 4.42500000e-08  2.61689854e+00 
 4.43500000e-08  2.61689173e+00 
 4.44500000e-08  2.61688495e+00 
 4.45500000e-08  2.61687822e+00 
 4.46500000e-08  2.61687153e+00 
 4.47500000e-08  2.61686489e+00 
 4.48500000e-08  2.61685828e+00 
 4.49500000e-08  2.61685172e+00 
 4.50500000e-08  2.61684519e+00 
 4.51500000e-08  2.61683871e+00 
 4.52500000e-08  2.61683226e+00 
 4.53500000e-08  2.61682586e+00 
 4.54500000e-08  2.61681949e+00 
 4.55500000e-08  2.61681316e+00 
 4.56500000e-08  2.61680688e+00 
 4.57500000e-08  2.61680063e+00 
 4.58500000e-08  2.61679442e+00 
 4.59500000e-08  2.61678825e+00 
 4.60500000e-08  2.61678211e+00 
 4.61500000e-08  2.61677602e+00 
 4.62500000e-08  2.61676996e+00 
 4.63500000e-08  2.61676394e+00 
 4.64500000e-08  2.61675796e+00 
 4.65500000e-08  2.61675201e+00 
 4.66500000e-08  2.61674610e+00 
 4.67500000e-08  2.61674023e+00 
 4.68500000e-08  2.61673439e+00 
 4.69500000e-08  2.61672859e+00 
 4.70500000e-08  2.61672282e+00 
 4.71500000e-08  2.61671709e+00 
 4.72500000e-08  2.61671140e+00 
 4.73500000e-08  2.61670574e+00 
 4.74500000e-08  2.61670012e+00 
 4.75500000e-08  2.61669453e+00 
 4.76500000e-08  2.61668897e+00 
 4.77500000e-08  2.61668345e+00 
 4.78500000e-08  2.61667796e+00 
 4.79500000e-08  2.61667251e+00 
 4.80500000e-08  2.61666709e+00 
 4.81500000e-08  2.61666171e+00 
 4.82500000e-08  2.61665635e+00 
 4.83500000e-08  2.61665104e+00 
 4.84500000e-08  2.61664575e+00 
 4.85500000e-08  2.61664050e+00 
 4.86500000e-08  2.61663527e+00 
 4.87500000e-08  2.61663008e+00 
 4.88500000e-08  2.61662493e+00 
 4.89500000e-08  2.61661980e+00 
 4.90500000e-08  2.61661471e+00 
 4.91500000e-08  2.61660965e+00 
 4.92500000e-08  2.61660461e+00 
 4.93500000e-08  2.61659961e+00 
 4.94500000e-08  2.61659464e+00 
 4.95500000e-08  2.61658971e+00 
 4.96500000e-08  2.61658480e+00 
 4.97500000e-08  2.61657992e+00 
 4.98500000e-08  2.61657507e+00 
 4.99500000e-08  2.61657026e+00 
 5.00500000e-08  2.61656547e+00 
 5.01500000e-08  2.61656071e+00 
 5.02500000e-08  2.61655598e+00 
 5.03500000e-08  2.61655128e+00 
 5.04500000e-08  2.61654661e+00 
 5.05500000e-08  2.61654197e+00 
 5.06500000e-08  2.61653735e+00 
 5.07500000e-08  2.61653277e+00 
 5.08500000e-08  2.61652821e+00 
 5.09500000e-08  2.61652368e+00 
 5.10500000e-08  2.61651918e+00 
 5.11500000e-08  2.61651471e+00 
 5.12500000e-08  2.61651026e+00 
 5.13500000e-08  2.61650585e+00 
 5.14500000e-08  2.61650146e+00 
 5.15500000e-08  2.61649709e+00 
 5.16500000e-08  2.61649276e+00 
 5.17500000e-08  2.61648845e+00 
 5.18500000e-08  2.61648416e+00 
 5.19500000e-08  2.61647991e+00 
 5.20500000e-08  2.61647568e+00 
 5.21500000e-08  2.61647147e+00 
 5.22500000e-08  2.61646729e+00 
 5.23500000e-08  2.61646314e+00 
 5.24500000e-08  2.61645901e+00 
 5.25500000e-08  2.61645491e+00 
 5.26500000e-08  2.61645084e+00 
 5.27500000e-08  2.61644678e+00 
 5.28500000e-08  2.61644276e+00 
 5.29500000e-08  2.61643876e+00 
 5.30500000e-08  2.61643478e+00 
 5.31500000e-08  2.61643083e+00 
 5.32500000e-08  2.61642690e+00 
 5.33500000e-08  2.61642300e+00 
 5.34500000e-08  2.61641912e+00 
 5.35500000e-08  2.61641526e+00 
 5.36500000e-08  2.61641143e+00 
 5.37500000e-08  2.61640762e+00 
 5.38500000e-08  2.61640384e+00 
 5.39500000e-08  2.61640008e+00 
 5.40500000e-08  2.61639634e+00 
 5.41500000e-08  2.61639263e+00 
 5.42500000e-08  2.61638893e+00 
 5.43500000e-08  2.61638527e+00 
 5.44500000e-08  2.61638162e+00 
 5.45500000e-08  2.61637800e+00 
 5.46500000e-08  2.61637439e+00 
 5.47500000e-08  2.61637081e+00 
 5.48500000e-08  2.61636726e+00 
 5.49500000e-08  2.61636372e+00 
 5.50500000e-08  2.61636021e+00 
 5.51500000e-08  2.61635672e+00 
 5.52500000e-08  2.61635325e+00 
 5.53500000e-08  2.61634980e+00 
 5.54500000e-08  2.61634637e+00 
 5.55500000e-08  2.61634296e+00 
 5.56500000e-08  2.61633958e+00 
 5.57500000e-08  2.61633621e+00 
 5.58500000e-08  2.61633287e+00 
 5.59500000e-08  2.61632955e+00 
 5.60500000e-08  2.61632625e+00 
 5.61500000e-08  2.61632296e+00 
 5.62500000e-08  2.61631970e+00 
 5.63500000e-08  2.61631646e+00 
 5.64500000e-08  2.61631324e+00 
 5.65500000e-08  2.61631004e+00 
 5.66500000e-08  2.61630685e+00 
 5.67500000e-08  2.61630369e+00 
 5.68500000e-08  2.61630055e+00 
 5.69500000e-08  2.61629742e+00 
 5.70500000e-08  2.61629432e+00 
 5.71500000e-08  2.61629124e+00 
 5.72500000e-08  2.61628817e+00 
 5.73500000e-08  2.61628512e+00 
 5.74500000e-08  2.61628209e+00 
 5.75500000e-08  2.61627908e+00 
 5.76500000e-08  2.61627609e+00 
 5.77500000e-08  2.61627312e+00 
 5.78500000e-08  2.61627017e+00 
 5.79500000e-08  2.61626723e+00 
 5.80500000e-08  2.61626431e+00 
 5.81500000e-08  2.61626141e+00 
 5.82500000e-08  2.61625853e+00 
 5.83500000e-08  2.61625567e+00 
 5.84500000e-08  2.61625282e+00 
 5.85500000e-08  2.61624999e+00 
 5.86500000e-08  2.61624718e+00 
 5.87500000e-08  2.61624438e+00 
 5.88500000e-08  2.61624161e+00 
 5.89500000e-08  2.61623885e+00 
 5.90500000e-08  2.61623611e+00 
 5.91500000e-08  2.61623338e+00 
 5.92500000e-08  2.61623067e+00 
 5.93500000e-08  2.61622798e+00 
 5.94500000e-08  2.61622530e+00 
 5.95500000e-08  2.61622264e+00 
 5.96500000e-08  2.61622000e+00 
 5.97500000e-08  2.61621737e+00 
 5.98500000e-08  2.61621476e+00 
 5.99500000e-08  2.61621217e+00 
 6.00500000e-08  2.61620959e+00 
 6.01500000e-08  2.61620703e+00 
 6.02500000e-08  2.61620448e+00 
 6.03500000e-08  2.61620195e+00 
 6.04500000e-08  2.61619944e+00 
 6.05500000e-08  2.61619694e+00 
 6.06500000e-08  2.61619445e+00 
 6.07500000e-08  2.61619198e+00 
 6.08500000e-08  2.61618953e+00 
 6.09500000e-08  2.61618709e+00 
 6.10500000e-08  2.61618467e+00 
 6.11500000e-08  2.61618226e+00 
 6.12500000e-08  2.61617987e+00 
 6.13500000e-08  2.61617749e+00 
 6.14500000e-08  2.61617512e+00 
 6.15500000e-08  2.61617277e+00 
 6.16500000e-08  2.61617044e+00 
 6.17500000e-08  2.61616812e+00 
 6.18500000e-08  2.61616581e+00 
 6.19500000e-08  2.61616352e+00 
 6.20500000e-08  2.61616124e+00 
 6.21500000e-08  2.61615898e+00 
 6.22500000e-08  2.61615673e+00 
 6.23500000e-08  2.61615449e+00 
 6.24500000e-08  2.61615227e+00 
 6.25500000e-08  2.61615006e+00 
 6.26500000e-08  2.61614787e+00 
 6.27500000e-08  2.61614569e+00 
 6.28500000e-08  2.61614352e+00 
 6.29500000e-08  2.61614136e+00 
 6.30500000e-08  2.61613922e+00 
 6.31500000e-08  2.61613709e+00 
 6.32500000e-08  2.61613498e+00 
 6.33500000e-08  2.61613288e+00 
 6.34500000e-08  2.61613079e+00 
 6.35500000e-08  2.61612871e+00 
 6.36500000e-08  2.61612665e+00 
 6.37500000e-08  2.61612460e+00 
 6.38500000e-08  2.61612256e+00 
 6.39500000e-08  2.61612054e+00 
 6.40500000e-08  2.61611852e+00 
 6.41500000e-08  2.61611652e+00 
 6.42500000e-08  2.61611454e+00 
 6.43500000e-08  2.61611256e+00 
 6.44500000e-08  2.61611060e+00 
 6.45500000e-08  2.61610865e+00 
 6.46500000e-08  2.61610671e+00 
 6.47500000e-08  2.61610478e+00 
 6.48500000e-08  2.61610286e+00 
 6.49500000e-08  2.61610096e+00 
 6.50500000e-08  2.61609907e+00 
 6.51500000e-08  2.61609719e+00 
 6.52500000e-08  2.61609532e+00 
 6.53500000e-08  2.61609346e+00 
 6.54500000e-08  2.61609162e+00 
 6.55500000e-08  2.61608978e+00 
 6.56500000e-08  2.61608796e+00 
 6.57500000e-08  2.61608615e+00 
 6.58500000e-08  2.61608435e+00 
 6.59500000e-08  2.61608256e+00 
 6.60500000e-08  2.61608078e+00 
 6.61500000e-08  2.61607901e+00 
 6.62500000e-08  2.61607726e+00 
 6.63500000e-08  2.61607551e+00 
 6.64500000e-08  2.61607378e+00 
 6.65500000e-08  2.61607205e+00 
 6.66500000e-08  2.61607034e+00 
 6.67500000e-08  2.61606863e+00 
 6.68500000e-08  2.61606694e+00 
 6.69500000e-08  2.61606526e+00 
 6.70500000e-08  2.61606359e+00 
 6.71500000e-08  2.61606193e+00 
 6.72500000e-08  2.61606028e+00 
 6.73500000e-08  2.61605864e+00 
 6.74500000e-08  2.61605701e+00 
 6.75500000e-08  2.61605538e+00 
 6.76500000e-08  2.61605377e+00 
 6.77500000e-08  2.61605217e+00 
 6.78500000e-08  2.61605058e+00 
 6.79500000e-08  2.61604900e+00 
 6.80500000e-08  2.61604743e+00 
 6.81500000e-08  2.61604587e+00 
 6.82500000e-08  2.61604432e+00 
 6.83500000e-08  2.61604277e+00 
 6.84500000e-08  2.61604124e+00 
 6.85500000e-08  2.61603972e+00 
 6.86500000e-08  2.61603820e+00 
 6.87500000e-08  2.61603670e+00 
 6.88500000e-08  2.61603520e+00 
 6.89500000e-08  2.61603372e+00 
 6.90500000e-08  2.61603224e+00 
 6.91500000e-08  2.61603077e+00 
 6.92500000e-08  2.61602931e+00 
 6.93500000e-08  2.61602786e+00 
 6.94500000e-08  2.61602642e+00 
 6.95500000e-08  2.61602499e+00 
 6.96500000e-08  2.61602357e+00 
 6.97500000e-08  2.61602215e+00 
 6.98500000e-08  2.61602075e+00 
 6.99500000e-08  2.61601935e+00 
 7.00500000e-08  2.61601796e+00 
 7.01500000e-08  2.61601658e+00 
 7.02500000e-08  2.61601521e+00 
 7.03500000e-08  2.61601385e+00 
 7.04500000e-08  2.61601250e+00 
 7.05500000e-08  2.61601115e+00 
 7.06500000e-08  2.61600981e+00 
 7.07500000e-08  2.61600848e+00 
 7.08500000e-08  2.61600716e+00 
 7.09500000e-08  2.61600585e+00 
 7.10500000e-08  2.61600454e+00 
 7.11500000e-08  2.61600325e+00 
 7.12500000e-08  2.61600196e+00 
 7.13500000e-08  2.61600068e+00 
 7.14500000e-08  2.61599940e+00 
 7.15500000e-08  2.61599814e+00 
 7.16500000e-08  2.61599688e+00 
 7.17500000e-08  2.61599563e+00 
 7.18500000e-08  2.61599439e+00 
 7.19500000e-08  2.61599316e+00 
 7.20500000e-08  2.61599193e+00 
 7.21500000e-08  2.61599071e+00 
 7.22500000e-08  2.61598950e+00 
 7.23500000e-08  2.61598829e+00 
 7.24500000e-08  2.61598710e+00 
 7.25500000e-08  2.61598591e+00 
 7.26500000e-08  2.61598473e+00 
 7.27500000e-08  2.61598355e+00 
 7.28500000e-08  2.61598238e+00 
 7.29500000e-08  2.61598122e+00 
 7.30500000e-08  2.61598007e+00 
 7.31500000e-08  2.61597893e+00 
 7.32500000e-08  2.61597779e+00 
 7.33500000e-08  2.61597665e+00 
 7.34500000e-08  2.61597553e+00 
 7.35500000e-08  2.61597441e+00 
 7.36500000e-08  2.61597330e+00 
 7.37500000e-08  2.61597220e+00 
 7.38500000e-08  2.61597110e+00 
 7.39500000e-08  2.61597001e+00 
 7.40500000e-08  2.61596893e+00 
 7.41500000e-08  2.61596785e+00 
 7.42500000e-08  2.61596678e+00 
 7.43500000e-08  2.61596571e+00 
 7.44500000e-08  2.61596466e+00 
 7.45500000e-08  2.61596361e+00 
 7.46500000e-08  2.61596256e+00 
 7.47500000e-08  2.61596152e+00 
 7.48500000e-08  2.61596049e+00 
 7.49500000e-08  2.61595947e+00 
 7.50500000e-08  2.61595845e+00 
 7.51500000e-08  2.61595744e+00 
 7.52500000e-08  2.61595643e+00 
 7.53500000e-08  2.61595543e+00 
 7.54500000e-08  2.61595444e+00 
 7.55500000e-08  2.61595345e+00 
 7.56500000e-08  2.61595247e+00 
 7.57500000e-08  2.61595149e+00 
 7.58500000e-08  2.61595052e+00 
 7.59500000e-08  2.61594956e+00 
 7.60500000e-08  2.61594860e+00 
 7.61500000e-08  2.61594765e+00 
 7.62500000e-08  2.61594670e+00 
 7.63500000e-08  2.61594576e+00 
 7.64500000e-08  2.61594483e+00 
 7.65500000e-08  2.61594390e+00 
 7.66500000e-08  2.61594298e+00 
 7.67500000e-08  2.61594206e+00 
 7.68500000e-08  2.61594115e+00 
 7.69500000e-08  2.61594024e+00 
 7.70500000e-08  2.61593934e+00 
 7.71500000e-08  2.61593845e+00 
 7.72500000e-08  2.61593756e+00 
 7.73500000e-08  2.61593668e+00 
 7.74500000e-08  2.61593580e+00 
 7.75500000e-08  2.61593492e+00 
 7.76500000e-08  2.61593406e+00 
 7.77500000e-08  2.61593320e+00 
 7.78500000e-08  2.61593234e+00 
 7.79500000e-08  2.61593149e+00 
 7.80500000e-08  2.61593064e+00 
 7.81500000e-08  2.61592980e+00 
 7.82500000e-08  2.61592896e+00 
 7.83500000e-08  2.61592813e+00 
 7.84500000e-08  2.61592731e+00 
 7.85500000e-08  2.61592649e+00 
 7.86500000e-08  2.61592567e+00 
 7.87500000e-08  2.61592486e+00 
 7.88500000e-08  2.61592406e+00 
 7.89500000e-08  2.61592326e+00 
 7.90500000e-08  2.61592246e+00 
 7.91500000e-08  2.61592167e+00 
 7.92500000e-08  2.61592089e+00 
 7.93500000e-08  2.61592010e+00 
 7.94500000e-08  2.61591933e+00 
 7.95500000e-08  2.61591856e+00 
 7.96500000e-08  2.61591779e+00 
 7.97500000e-08  2.61591703e+00 
 7.98500000e-08  2.61591627e+00 
 7.99500000e-08  2.61591552e+00 
 8.00500000e-08  2.61591477e+00 
 8.01500000e-08  2.61591403e+00 
 8.02500000e-08  2.61591329e+00 
 8.03500000e-08  2.61591256e+00 
 8.04500000e-08  2.61591183e+00 
 8.05500000e-08  2.61591110e+00 
 8.06500000e-08  2.61591038e+00 
 8.07500000e-08  2.61590967e+00 
 8.08500000e-08  2.61590896e+00 
 8.09500000e-08  2.61590825e+00 
 8.10500000e-08  2.61590755e+00 
 8.11500000e-08  2.61590685e+00 
 8.12500000e-08  2.61590615e+00 
 8.13500000e-08  2.61590546e+00 
 8.14500000e-08  2.61590478e+00 
 8.15500000e-08  2.61590410e+00 
 8.16500000e-08  2.61590342e+00 
 8.17500000e-08  2.61590275e+00 
 8.18500000e-08  2.61590208e+00 
 8.19500000e-08  2.61590141e+00 
 8.20500000e-08  2.61590075e+00 
 8.21500000e-08  2.61590010e+00 
 8.22500000e-08  2.61589944e+00 
 8.23500000e-08  2.61589879e+00 
 8.24500000e-08  2.61589815e+00 
 8.25500000e-08  2.61589751e+00 
 8.26500000e-08  2.61589687e+00 
 8.27500000e-08  2.61589624e+00 
 8.28500000e-08  2.61589561e+00 
 8.29500000e-08  2.61589499e+00 
 8.30500000e-08  2.61589437e+00 
 8.31500000e-08  2.61589375e+00 
 8.32500000e-08  2.61589314e+00 
 8.33500000e-08  2.61589253e+00 
 8.34500000e-08  2.61589192e+00 
 8.35500000e-08  2.61589132e+00 
 8.36500000e-08  2.61589072e+00 
 8.37500000e-08  2.61589013e+00 
 8.38500000e-08  2.61588953e+00 
 8.39500000e-08  2.61588895e+00 
 8.40500000e-08  2.61588836e+00 
 8.41500000e-08  2.61588778e+00 
 8.42500000e-08  2.61588721e+00 
 8.43500000e-08  2.61588663e+00 
 8.44500000e-08  2.61588606e+00 
 8.45500000e-08  2.61588550e+00 
 8.46500000e-08  2.61588494e+00 
 8.47500000e-08  2.61588438e+00 
 8.48500000e-08  2.61588382e+00 
 8.49500000e-08  2.61588327e+00 
 8.50500000e-08  2.61588272e+00 
 8.51500000e-08  2.61588218e+00 
 8.52500000e-08  2.61588163e+00 
 8.53500000e-08  2.61588110e+00 
 8.54500000e-08  2.61588056e+00 
 8.55500000e-08  2.61588003e+00 
 8.56500000e-08  2.61587950e+00 
 8.57500000e-08  2.61587897e+00 
 8.58500000e-08  2.61587845e+00 
 8.59500000e-08  2.61587793e+00 
 8.60500000e-08  2.61587742e+00 
 8.61500000e-08  2.61587690e+00 
 8.62500000e-08  2.61587639e+00 
 8.63500000e-08  2.61587589e+00 
 8.64500000e-08  2.61587539e+00 
 8.65500000e-08  2.61587489e+00 
 8.66500000e-08  2.61587439e+00 
 8.67500000e-08  2.61587389e+00 
 8.68500000e-08  2.61587340e+00 
 8.69500000e-08  2.61587292e+00 
 8.70500000e-08  2.61587243e+00 
 8.71500000e-08  2.61587195e+00 
 8.72500000e-08  2.61587147e+00 
 8.73500000e-08  2.61587099e+00 
 8.74500000e-08  2.61587052e+00 
 8.75500000e-08  2.61587005e+00 
 8.76500000e-08  2.61586958e+00 
 8.77500000e-08  2.61586912e+00 
 8.78500000e-08  2.61586866e+00 
 8.79500000e-08  2.61586820e+00 
 8.80500000e-08  2.61586774e+00 
 8.81500000e-08  2.61586729e+00 
 8.82500000e-08  2.61586684e+00 
 8.83500000e-08  2.61586639e+00 
 8.84500000e-08  2.61586595e+00 
 8.85500000e-08  2.61586551e+00 
 8.86500000e-08  2.61586507e+00 
 8.87500000e-08  2.61586463e+00 
 8.88500000e-08  2.61586420e+00 
 8.89500000e-08  2.61586377e+00 
 8.90500000e-08  2.61586334e+00 
 8.91500000e-08  2.61586291e+00 
 8.92500000e-08  2.61586249e+00 
 8.93500000e-08  2.61586207e+00 
 8.94500000e-08  2.61586165e+00 
 8.95500000e-08  2.61586124e+00 
 8.96500000e-08  2.61586082e+00 
 8.97500000e-08  2.61586041e+00 
 8.98500000e-08  2.61586001e+00 
 8.99500000e-08  2.61585960e+00 
 9.00500000e-08  2.61585920e+00 
 9.01500000e-08  2.61585880e+00 
 9.02500000e-08  2.61585840e+00 
 9.03500000e-08  2.61585800e+00 
 9.04500000e-08  2.61585761e+00 
 9.05500000e-08  2.61585722e+00 
 9.06500000e-08  2.61585683e+00 
 9.07500000e-08  2.61585645e+00 
 9.08500000e-08  2.61585606e+00 
 9.09500000e-08  2.61585568e+00 
 9.10500000e-08  2.61585530e+00 
 9.11500000e-08  2.61585493e+00 
 9.12500000e-08  2.61585455e+00 
 9.13500000e-08  2.61585418e+00 
 9.14500000e-08  2.61585381e+00 
 9.15500000e-08  2.61585345e+00 
 9.16500000e-08  2.61585308e+00 
 9.17500000e-08  2.61585272e+00 
 9.18500000e-08  2.61585236e+00 
 9.19500000e-08  2.61585200e+00 
 9.20500000e-08  2.61585165e+00 
 9.21500000e-08  2.61585129e+00 
 9.22500000e-08  2.61585094e+00 
 9.23500000e-08  2.61585059e+00 
 9.24500000e-08  2.61585024e+00 
 9.25500000e-08  2.61584990e+00 
 9.26500000e-08  2.61584956e+00 
 9.27500000e-08  2.61584922e+00 
 9.28500000e-08  2.61584888e+00 
 9.29500000e-08  2.61584854e+00 
 9.30500000e-08  2.61584821e+00 
 9.31500000e-08  2.61584787e+00 
 9.32500000e-08  2.61584754e+00 
 9.33500000e-08  2.61584721e+00 
 9.34500000e-08  2.61584689e+00 
 9.35500000e-08  2.61584656e+00 
 9.36500000e-08  2.61584624e+00 
 9.37500000e-08  2.61584592e+00 
 9.38500000e-08  2.61584560e+00 
 9.39500000e-08  2.61584529e+00 
 9.40500000e-08  2.61584497e+00 
 9.41500000e-08  2.61584466e+00 
 9.42500000e-08  2.61584435e+00 
 9.43500000e-08  2.61584404e+00 
 9.44500000e-08  2.61584373e+00 
 9.45500000e-08  2.61584343e+00 
 9.46500000e-08  2.61584313e+00 
 9.47500000e-08  2.61584282e+00 
 9.48500000e-08  2.61584253e+00 
 9.49500000e-08  2.61584223e+00 
 9.50500000e-08  2.61584193e+00 
 9.51500000e-08  2.61584164e+00 
 9.52500000e-08  2.61584135e+00 
 9.53500000e-08  2.61584106e+00 
 9.54500000e-08  2.61584077e+00 
 9.55500000e-08  2.61584048e+00 
 9.56500000e-08  2.61584020e+00 
 9.57500000e-08  2.61583991e+00 
 9.58500000e-08  2.61583963e+00 
 9.59500000e-08  2.61583935e+00 
 9.60500000e-08  2.61583908e+00 
 9.61500000e-08  2.61583880e+00 
 9.62500000e-08  2.61583852e+00 
 9.63500000e-08  2.61583825e+00 
 9.64500000e-08  2.61583798e+00 
 9.65500000e-08  2.61583771e+00 
 9.66500000e-08  2.61583744e+00 
 9.67500000e-08  2.61583718e+00 
 9.68500000e-08  2.61583691e+00 
 9.69500000e-08  2.61583665e+00 
 9.70500000e-08  2.61583639e+00 
 9.71500000e-08  2.61583613e+00 
 9.72500000e-08  2.61583587e+00 
 9.73500000e-08  2.61583562e+00 
 9.74500000e-08  2.61583536e+00 
 9.75500000e-08  2.61583511e+00 
 9.76500000e-08  2.61583486e+00 
 9.77500000e-08  2.61583461e+00 
 9.78500000e-08  2.61583436e+00 
 9.79500000e-08  2.61583411e+00 
 9.80500000e-08  2.61583386e+00 
 9.81500000e-08  2.61583362e+00 
 9.82500000e-08  2.61583338e+00 
 9.83500000e-08  2.61583314e+00 
 9.84500000e-08  2.61583290e+00 
 9.85500000e-08  2.61583266e+00 
 9.86500000e-08  2.61583242e+00 
 9.87500000e-08  2.61583219e+00 
 9.88500000e-08  2.61583195e+00 
 9.89500000e-08  2.61583172e+00 
 9.90500000e-08  2.61583149e+00 
 9.91500000e-08  2.61583126e+00 
 9.92500000e-08  2.61583103e+00 
 9.93500000e-08  2.61583081e+00 
 9.94500000e-08  2.61583058e+00 
 9.95500000e-08  2.61583036e+00 
 9.96500000e-08  2.61583014e+00 
 9.97500000e-08  2.61582991e+00 
 9.98500000e-08  2.61582969e+00 
 9.99500000e-08  2.61582948e+00 
 1.00000000e-07  2.61582937e+00 
